# Created by Octave 4.2.2, Sat Apr 25 17:26:48 2020 EDT <abhishek@parampadma>
# name: Contacts
# type: scalar struct
# ndims: 2
 1 1
# length: 5
# name: All
# type: matrix
# rows: 16
# columns: 16
 2.35304901404604 1.59193637329157 0.816546338400654 0.590493747506006 1.11723698701679 1.45655199691458 1.23477568590849 0.884875353942925 0.504735996505644 0.338567269308892 0.411107901416238 0.407958070908372 0.225969426654181 0.151330960719793 0.0713788582048337 0.0339791849011264
 1.39768618484403 10.639845551114 2.22042517980142 0.69346428075857 0.477456113289015 1.18849473836989 1.34946233546682 1.12764053460652 0.782097015198743 0.361262760365592 0.279587264783098 0.312669582876432 0.22145164416652 0.138872335437675 0.0566294455207312 0.0345816023459804
 0.544501728560576 3.37757918627171 11.2624489988324 1.59839741604627 0.720400533592407 0.639215082179669 0.880855015879915 1.04780232819581 0.917896830424239 0.500448445461624 0.289412479543884 0.179894276777168 0.111907039971908 0.112861360651467 0.0669981361405312 0.04268954676141
 0.341783114215209 0.834409335279982 4.57704196788651 13.7397707839429 2.41999090628286 1.08400734993473 0.7480400107612299 1.06109985897379 1.02587312363659 0.806560281473261 0.437937103317654 0.226014473483665 0.109983109235718 0.0716642592369643 0.0351268611102672 0.0199679303638562
 0.617309158245292 0.486345655199111 0.6061578429144709 4.20637890669117 5.39694060346874 2.42532359192333 1.31851967676257 1.03597074938506 0.8807111018518879 0.885079963360462 0.621725863451756 0.387668737791772 0.135639903604546 0.0518028993482068 0.0436301194661216 0.0305169789588341
 1.06162452670652 0.675048629508024 0.356829798218444 1.1842559752949 2.84405406227455 3.09668000039284 1.86411991173242 1.29157621286543 0.991806997884757 0.807405112960992 0.76836867580359 0.438975009273719 0.191460370291693 0.0627849872467492 0.0224054907133374 0.0155095635669115
 0.850644091351613 1.50925066629449 1.15874105562157 0.65018715791552 1.2242651986103 1.95794514447101 2.02363691828265 1.68672992850351 1.16727443871442 0.828697107453619 0.65982809875716 0.480534360494706 0.248473415548925 0.0808946745594839 0.0375925636105624 0.024657209254707
 0.629021082685686 1.27856674050795 1.1984811337494 0.913856610952086 0.782465276073281 1.29553441758093 1.60084081247236 1.84062188921113 1.56610406740376 0.945922597358447 0.6591706825402009 0.376021472564848 0.236390422785376 0.129829144071804 0.0612689686666864 0.019967036384045
 0.375881030374174 0.7728949723977659 1.07338071036392 1.33183529846216 0.949385991760582 1.0334519682403 1.32269581316273 1.48052119723516 1.55521458522026 1.15554801164915 0.788201587844937 0.291676852214291 0.191297110057575 0.106209780689174 0.0519853822267585 0.0230639162532816
 0.25044957669318 0.565398833084736 0.611579752079032 1.45554454722129 0.896649725820856 0.85549828324692 0.937562213919522 1.08832410024218 1.10181961442611 0.9731244271963519 0.720005227857167 0.346271304757194 0.124228902408769 0.0516200199992207 0.0410963973663934 0.0340738975564254
 0.434859783524245 0.725904276421285 0.8560636093385 1.21409756587414 1.11742175965757 1.25084687320181 1.00681089954304 0.8881246528236481 1.14032679498417 1.13146493916806 0.8433176287431881 0.635121520341144 0.184841135776152 0.0523783879899946 0.0371054684338609 0.0310119448108266
 0.765660736761083 0.908650054063867 0.649384034099335 0.880216838304601 0.852333678371415 1.27428086310555 1.16318248184139 0.800317065341852 0.795945178213304 0.667244369918609 0.828429840838624 0.490778710339244 0.289584279897477 0.100262647318048 0.0360253401631867 0.0258872871309916
 0.637355354994066 0.554938360106668 0.351509535391494 0.479594803147586 0.475327701572143 0.712613831700822 0.809572093620514 0.783692266034743 0.535519918652315 0.400472086404454 0.393694124385308 0.417881175238763 0.189035099872741 0.162053988347599 0.0640638176881885 0.0193929195565487
 0.397170325164287 0.546271723008786 0.415084364962683 0.257805679910452 0.327048256616988 0.411583376357945 0.6314420254220769 0.636573165876862 0.471731984924737 0.190053826909948 0.17118566458641 0.22405624332755 0.203671025261511 0.126619148261228 0.0901458692516906 0.0287704281308263
 0.150853441996854 0.374437435119472 0.319485681943398 0.355308763994073 0.148276654228668 0.279244711034925 0.248199685552814 0.459955523283237 0.410336560472257 0.281805682380485 0.200797586761473 0.139897504965432 0.19163814238597 0.160254628932454 0.101699351341399 0.0828833033399284
 0.241605557473164 0.324033630198024 0.445811820626745 0.455265830872316 0.176084262396846 0.1788487519241 0.254450551824363 0.440680999574338 0.398784625225176 0.326249725537958 0.282968264668308 0.143362836475993 0.06707430232147731 0.129399213265237 0.0938519637191033 0.0349688994485635


# name: Home
# type: matrix
# rows: 16
# columns: 16
 0.336163632227803 0.791542528429339 0.409653375701563 0.285521834490613 0.6432304704537321 0.810239171378609 0.533291213243963 0.326568270917831 0.158715465969091 0.102828075840261 0.165442231616035 0.220140683811192 0.113027747867526 0.056683235221306 0.0160299305679159 0.0105419255363407
 0.519119592555536 0.543892913951192 0.719242014301516 0.322539677899228 0.174922946782609 0.627412735908397 0.69935446492224 0.484188038443852 0.256075996109093 0.112260150199873 0.0984988308910619 0.17008540240471 0.106873157506839 0.0567557407426648 0.0204493201999223 0.0107618251313936
 0.270512101905165 0.742169935541335 0.7103960493349361 0.568332205748166 0.159173237129845 0.186666481994405 0.378116398438316 0.492017692123329 0.310465581237515 0.138336726477914 0.07472378747762889 0.0626091044536138 0.0436453881624053 0.0474856020814813 0.0239048509594936 0.009127920862033231
 0.186456943289579 0.2923023680349 0.614094847003318 0.7047497758318561 0.431020353284727 0.181185490865417 0.11636665748786 0.372061798099974 0.358411481517663 0.252825040379394 0.173815977571599 0.0970250293900918 0.0484017686774385 0.0335081670289544 0.0144057773518055 0.00758423668611345
 0.41010187172259 0.192304605533244 0.169035289801768 0.619919456724881 0.553305718226607 0.548777564064147 0.135617487938468 0.07982479610681011 0.177522604451818 0.234763522919198 0.197111662881991 0.157252479942145 0.0428862682425376 0.0173728286184227 0.00938088393901625 0.00635699969704763
 0.754403433873558 0.374141623740388 0.140639750347446 0.231406211279349 0.575396942919196 0.426874894198498 0.343315323547841 0.101110655617216 0.0460949225942596 0.104954707300673 0.213187554206088 0.162247606561038 0.0818457241719875 0.0316447598532937 0.00511587116479879 0.00658889376610723
 0.5569022354938 0.864390747446645 0.573452549326195 0.140441526756715 0.202241898391662 0.488234998160825 0.233280578284507 0.319159808853649 0.121542875451778 0.0442110471535625 0.0921674280740143 0.133861121909962 0.113553511135958 0.0334436631113914 0.0153368075592938 0.00603690270942662
 0.370685820302762 0.742243170481925 0.810039015779502 0.456872681027544 0.110378464921374 0.132528336464568 0.273852945922708 0.198452796303102 0.19124467652957 0.0677934772378634 0.0480125978867439 0.06594009532767239 0.0911651479262191 0.0597940555804484 0.0236674276639264 0.00656627683645163
 0.219179978849078 0.437391731528809 0.641569274870177 0.639873185889814 0.252356349594503 0.0944119724392201 0.165187825950731 0.251433142559207 0.114206881673027 0.154970624716893 0.06494350317951079 0.0250970793265032 0.0561827869057176 0.0633100867779906 0.0216333231209375 0.0115157992611454
 0.142840257321158 0.218016733860992 0.338907044460926 0.593387471407867 0.433840101040613 0.171140016000303 0.0609344998581341 0.143145343055457 0.166157669851823 0.0987437487208014 0.113579147835053 0.0492738872483518 0.0202779443715473 0.0194562419179112 0.0156071598816564 0.0163528644129419
 0.359581275723008 0.20539990476812 0.270977456134872 0.444513281747199 0.580561883619961 0.445502466728951 0.209176448438136 0.0837749306387858 0.118336001669737 0.128855209658806 0.088402950637746 0.220138386577718 0.0440299587585133 0.0140770947417984 0.0133436624705347 0.0165844219026012
 0.629056952375782 0.47865527890818 0.250758613983032 0.407587376218669 0.496968098293496 0.651081933779969 0.472643351433459 0.17834081730451 0.08258239741372091 0.1442332158248 0.280186661032767 0.0884244501544451 0.124747706741226 0.0496150201903738 0.008826506968029091 0.0122051341465665
 0.554842921469804 0.432245778932429 0.241032425275368 0.244150446523731 0.235342172619103 0.367236606785261 0.438356832026644 0.329227616826522 0.137711958441079 0.0489961839382783 0.11182280417338 0.163020942927065 0.0437612419940947 0.0842701061455472 0.020219258276053 0.00281394492312817
 0.351663310379506 0.453068457934045 0.364287757560054 0.216311261596102 0.211867835261713 0.256586896782896 0.439508648880364 0.483262094290836 0.336303096228487 0.087452474776701 0.0755916155285508 0.113259636272188 0.112061237567162 0.0362520003830028 0.0427599935879253 0.00928920208685477
 0.135402896032662 0.340640771386386 0.269331188979755 0.253442920243778 0.0666478226450843 0.17620118886569 0.15016418501414 0.326628863629853 0.266658015385887 0.167842709371517 0.0968711326381527 0.053818060291222 0.08594313088310609 0.06381126265518711 0.0170763084460706 0.036298251631558
 0.220139971297756 0.28037159053802 0.411532422787717 0.414953292821069 0.13706238265978 0.1261580607534 0.17539846264408 0.382174301763426 0.347322355888509 0.268414613910421 0.244777236745305 0.108669845783404 0.036830593806777 0.08899638516270431 0.0607428289503577 0.0147422487852351


# name: Other
# type: matrix
# rows: 16
# columns: 16
 1.69499683352407 0.756932889504587 0.398994197080276 0.296861586659735 0.468649709678707 0.61955530058437 0.661276142297777 0.522775785082465 0.326690254969925 0.209755397129868 0.229517572432809 0.180401280382226 0.110332823510108 0.09386833110447081 0.0553368691219024 0.0234372593647857
 0.8241841794757629 3.20248154977538 1.20896831150298 0.337775678595425 0.26714469147322 0.458940458197789 0.517492892321215 0.529594075681772 0.413441962992681 0.180064018016647 0.130533605963451 0.127338933042345 0.108958349668497 0.0803912847768173 0.0358327260082712 0.0238197772145867
 0.273532234027142 1.50017827720724 5.46608505339456 0.860541301414218 0.531527934911866 0.389117931108315 0.414850512160432 0.457006498478722 0.487039308129147 0.280468827192133 0.166810541845089 0.09765548168299509 0.0631385512458371 0.0645744578893955 0.0430883271733377 0.0333795856020017
 0.150425098614751 0.488489863229672 2.34132876671143 7.07225619754028 1.59888339330297 0.64736070628781 0.378646077231273 0.417662296165641 0.394742570136496 0.31823328496962 0.130067131194512 0.0608077185416495 0.0410614815925266 0.0369622415383907 0.0207182240302377 0.0123836936777427
 0.19942448311151 0.262033928892589 0.402418621384871 2.61011212229337 3.94175310714869 1.34881115455738 0.738196141716137 0.451737487381276 0.324217331874454 0.342743561767323 0.188443674799526 0.117494040953885 0.0435488508111051 0.0330890624454601 0.0340588640890595 0.0241562360813063
 0.298400146060887 0.160024117162885 0.148399008269246 0.58432414124884 1.52444258936566 1.6839854612174 0.8843595933178821 0.545563620826906 0.336654070727 0.276298339204186 0.211445047849698 0.1067377418672 0.0387407652092947 0.0285518322217703 0.0168165336704452 0.00763195892103696
 0.278393220542345 0.204125662058823 0.319393190413515 0.25643537832059 0.63404742096483 0.806930422364 0.9346871388620011 0.614802260046531 0.357053770923427 0.247290822574436 0.227084435404524 0.154299702422061 0.0650619124682003 0.0469616313815349 0.0222516550427615 0.0186168117554782
 0.232748673799473 0.283020141431706 0.219596122172114 0.163714532470177 0.364197194342963 0.553342917169001 0.639584230903952 0.717880057452054 0.46195277100368 0.26876312553162 0.165869682057956 0.123765398398533 0.0979134677854623 0.0678103830183435 0.0375924058744258 0.0133947385734349
 0.147032564358099 0.196832398934155 0.31765270101009 0.205456800255198 0.344411241649762 0.357992737193351 0.4563568754366 0.454303440868849 0.454754411108654 0.2510403456589 0.155948954320576 0.0690630336755579 0.0602644178881239 0.0423789016287335 0.0303417869491524 0.0115351666027945
 0.0402682367008549 0.06828956505592421 0.0916332051452388 0.175971158905535 0.225893190769934 0.242738117919801 0.274934187075797 0.282945006841754 0.25052672948545 0.232768229068156 0.163985684663385 0.0706843979124374 0.0463089280688768 0.0303764328175478 0.0254784131236892 0.0177149414200961
 0.0579856677039658 0.112276807267224 0.131290465820081 0.19651944788384 0.335169075332904 0.368306051816683 0.249284684639651 0.222772350235634 0.232645153515785 0.235583323302551 0.167545994750476 0.124983843859097 0.06996679938326179 0.0382894852760665 0.0237499832987827 0.0144173615917567
 0.0743191936565175 0.0682266205209191 0.0756040995359674 0.0903497370430916 0.211302422259646 0.308325668474315 0.295094204200729 0.225571318994882 0.203464329087787 0.129988040113445 0.172702929986983 0.151816359363429 0.0905469634185686 0.05063412929732 0.0264103410507882 0.0129130635643374
 0.0460136018218328 0.051912629747698 0.0460203564268584 0.0736214351444021 0.144910528241402 0.193045033185337 0.184009106127463 0.203184379909881 0.1617029292753 0.118701917055389 0.0972538718338886 0.113483991115606 0.090916982563232 0.0664133062356865 0.0438362983905781 0.0165641348152042
 0.0438194509259714 0.0597722616975307 0.0391232977546198 0.0414716561611235 0.113060294672892 0.152865060018841 0.178720540870621 0.147560209925947 0.12962738327781 0.09343492440868841 0.09348666676662749 0.0953191835506985 0.0832679994400633 0.0726739068932381 0.0362368310967898 0.019469315140219
 0.0154505459641918 0.0337966637330854 0.0501519446595192 0.0942435514509375 0.08161202796305481 0.103022277495354 0.0979997737783827 0.125667099182491 0.13579469399104 0.0927838223795448 0.0686978963499254 0.0645999636053286 0.0979301371148678 0.0884130866291141 0.0766935435736215 0.0251763928960447
 0.0214655861754082 0.0225333585514824 0.0342793978390273 0.019069292955305 0.0389752796918934 0.0450530299172879 0.0790051575720625 0.0584224794065331 0.0514344905198805 0.0578247821897653 0.0381803475612503 0.0346929906925889 0.0302437085147003 0.0403925449354103 0.0331091347687456 0.0202266506633284


# name: School
# type: matrix
# rows: 16
# columns: 16
 0.32188854829417 0.043460955357643 0.00789876561881413 0.00811032635565713 0.00535680688435244 0.0218490676309265 0.0402081491726389 0.02997693897405 0.0140860630096298 0.0166788695533005 0.00948667148573115 0.00741610671495403 0.00128262715366603 0.00077939439401652 8.23608342424128e-66 6.37926455192253e-120
 0.0543824128127321 6.89315694815565 0.292214853996922 0.0331489242639167 0.0353872898900474 0.09794856939768221 0.121411726534473 0.111298475400325 0.102531144582096 0.0661569520032904 0.0497775866266888 0.0145551724820881 0.00562013699118386 0.0017118143604277 0.000347399312537703 8.08903384987346e-39
 0.000457392628268959 1.13446663724294 5.04874334497904 0.160151585505702 0.0178667549020002 0.0599114054213331 0.0581648464710818 0.0900957839364742 0.0896432444426154 0.0640388950998305 0.0406312821359871 0.0196296725579152 0.00512310056366539 0.000801300680590014 4.93286864959076e-25 0.000182040297375036
 0.00260089194728291 0.0498442343147181 1.60491357067334 5.6298657197474 0.0746788630672828 0.06900133577874711 0.0733952715581188 0.100225368870035 0.0803384923862592 0.0860260793257393 0.0427973477435677 0.0243102949820207 0.00562715340125289 0.00118550367360347 6.204775731334711e-33 1.70581454387966e-70
 0.00720022377628186 0.0282948369828677 0.00885444942341118 0.763764850060263 0.415355536234889 0.0484327009423966 0.031308949698551 0.0375518200746696 0.0233182612033167 0.0268499928257228 0.0133342407564151 0.009198736219121781 0.000709979653474768 0.00133114715025709 0.000177110499343156 1.21932999917442e-47
 0.00705050822951879 0.136506616107718 0.0336183419244884 0.17645302983174 0.268269513588556 0.161946670529101 0.0272118285158616 0.0352293775788315 0.0407595448235494 0.0334779318483776 0.00816686264010444 0.0129218452306223 0.00438281446792806 0.00257232770896424 0.000462967617328424 0.00128569645442418
 0.0141644132906713 0.433554512102055 0.225882443308845 0.146044590966504 0.0471729376782802 0.08517323553239819 0.074528506439845 0.0506084570664898 0.0537693994275606 0.0263330370115968 0.0202187068712042 0.00300471112747739 0.00551878237745777 0.000473000510271507 1.65387016779129e-48 3.11122532438149e-55
 0.0241261913148855 0.248253821549411 0.14362522297286 0.07397542969654319 0.018123063509898 0.0535909284262765 0.07205710029293499 0.0527480158327964 0.0574038641966999 0.0259067651618258 0.00362695849746943 0.00827247172527542 0.000575451200378589 0.00221240662003335 1.84385311264984e-123 9.69405571193592e-67
 0.007823155193271999 0.13579963834223 0.0854027454643749 0.348315010205732 0.00848973444575547 0.0261379090086194 0.0247770151198957 0.0328732005689632 0.06914463305680479 0.0233000413743392 0.0246539708027385 0.00678178675948574 0.00570418367164362 0.000506429666344446 4.81115830289933e-68 2.40199341606325e-92
 0.0656055019745425 0.277480182400389 0.143227658263695 0.51594935607088 0.00576748844952716 0.0305133545392551 0.0569830596261099 0.0484127145344291 0.0443986945977885 0.0253119567192471 0.0297297420194608 0.0135550521265626 0.00336403692231782 0.00177106422673073 6.20816301575952e-134 3.27262760845702e-72
 0.0172928326902983 0.40799704577273 0.412087836737245 0.443164484788836 0.00541066606812027 0.0144947272720138 0.0393493062401356 0.0382993335276079 0.0470771402792047 0.0614097450416563 0.0300598745933998 0.0160820884499453 0.00466829370508997 9.25930484731757e-24 1.23781522873533e-117 5.64214618817737e-78
 0.0614834808377757 0.359029944513591 0.255957242062477 0.291184989031104 0.00605096311770142 0.0539255198199576 0.0205060402750278 0.0340492828381649 0.0425020497305572 0.0296503162056653 0.0253040787498262 0.0285102054658985 0.00914427218828282 1.17200939208642e-31 0.000781904745117896 0.000762432252528555
 0.0363871685745072 0.0702891116716899 0.0305335236411332 0.14331422866063 0.0128796188604627 0.00173582001382519 0.0157696025529566 0.0436135077088781 0.009544641912541941 0.0147479507651887 0.0114328593027654 0.00594198904753705 0.0208739457054749 0.0113502740083527 4.42254994655108e-67 2.12063633467938e-37
 0.0016799608635989 0.0334276401096721 0.0116656610950535 8.36841728429254e-32 0.00208863334726127 0.00205248871518684 0.0131404143869109 0.00572168683978277 0.00573531804524861 0.00910685840079674 0.002030310941264 0.0154243547299089 0.008295185242612879 0.0176790776614501 0.0111241379464661 3.45698344962154e-126
 1.28088358675133e-28 5.10986316049604e-26 1.92840259522834e-40 0.00759622748026254 2.63507054476996e-22 1.69694309416825e-24 1.25834438268254e-26 0.00761932276760339 0.00784821090184488 0.0211481737042017 0.0352072524351825 0.021434510127513 0.00773873755070848 0.008013453027807651 0.007912847889502601 0.021382576530997
 2.81655608807481e-94 0.0211286811085217 8.46034232590272e-42 0.0212432450959416 4.89703183861377e-36 0.00759069485229108 9.77036843979335e-69 2.2307383409134e-60 1.43696783859762e-48 8.55924513172402e-60 4.69429331465032e-42 1.59814656929555e-46 2.209733491634e-83 8.85874749024365e-107 1.02042792000643e-80 6.61413811374825e-113


# name: Work
# type: matrix
# rows: 16
# columns: 16
 1.95422816726466e-55 7.414873614859021e-80 3.51348386540446e-58 2.07681587463263e-106 1.91129848899541e-59 0.00490845732067046 1.81194115268759e-07 0.00555435896857786 0.00524421255699795 0.009304926785463231 0.00666142588166241 5.38874516246388e-19 0.00132622812288075 8.20604524144799e-92 1.20585150153575e-05 3.16436833811157e-125
 6.2446483380574e-116 0.000314139231732873 2.95159517011344e-72 1.55767813383596e-59 1.18514313821824e-06 0.00419297486601993 0.0112032516888913 0.0025599450805763 0.010047911514873 0.00278164014578156 0.000777241301896765 0.000690074947288706 9.90358102372004e-57 1.34955577649482e-05 7.64591325099167e-79 2.38392072802515e-65
 1.49703241958419e-23 0.00076433628019343 0.0372245511238994 0.009372323378181091 0.0118326066486945 0.003519263655616 0.0297232588100849 0.008682353657281809 0.0307486966149615 0.0176039966917469 0.00724686808517942 1.80826438766047e-08 3.18062785849322e-17 2.79780317050874e-53 4.95800769991485e-06 3.77718082671442e-102
 0.00230018036359649 0.00377286970069197 0.0167047834984318 0.332899090823331 0.315408296627881 0.18645981700276 0.179632004483979 0.171150395838138 0.192380579596169 0.149475876798507 0.0912566468079755 0.0438714305699028 0.0148927055644997 8.346996015694989e-06 2.85972822398043e-06 1.8892612209825e-31
 0.000582579634909933 0.00371228379041006 0.0258494823044221 0.212582477612656 0.486526241858548 0.479302172359409 0.413397097409416 0.466856645822301 0.355652904322299 0.280722885848218 0.222836285013823 0.10372348067662 0.0484948048974285 9.86113406685426e-06 1.32609387026297e-05 3.74318048013413e-06
 0.00177043854255294 0.00437627249703329 0.0341726976772643 0.192072592934975 0.475945016401138 0.823872974447845 0.609233166350832 0.6096725588424819 0.568298459739949 0.392674134607756 0.335569211107699 0.157067815614859 0.06649106644248309 1.60674627209247e-05 1.01182607649525e-05 3.01442534314934e-06
 0.00118422202479685 0.0071797446869632 0.0400128725730132 0.107265661871711 0.340802941575526 0.577606488413787 0.781140694696302 0.702159402536836 0.634908392911659 0.510862200714024 0.320357528407417 0.189368825035206 0.0643392095673095 1.63795562861678e-05 4.10100850711255e-06 3.49478980213195e-06
 0.00146039726856569 0.00504960704490655 0.0252207728249199 0.219293967757822 0.289766553299046 0.556072235521088 0.61534653535276 0.871541019623176 0.855502755673813 0.583459229427138 0.441661444098032 0.178043507113367 0.0467363558733165 1.22988529792325e-05 9.135128334170879e-06 6.02097415838912e-06
 0.0018453319737243 0.00287120359257177 0.0287559890192746 0.138190302111415 0.344128666070562 0.554909349599114 0.676374096655502 0.741911413238143 0.91710865938177 0.726236999899021 0.542655159542111 0.190734952452744 0.0691457215920898 1.43626161051225e-05 1.0272156668633e-05 1.29503893416799e-05
 0.00173558069662468 0.00161235176743049 0.0378118442091722 0.17023656083701 0.231148945560781 0.411106794787561 0.54471046735948 0.613821035810538 0.640736520491048 0.616300492688148 0.412710653339268 0.212757967469842 0.0542779930460276 1.62810370309725e-05 1.08243610478748e-05 6.09172338735697e-06
 7.40697289208304e-09 0.000230518613210688 0.0417078506463027 0.129900351454262 0.196280134636582 0.422543627384162 0.509000460225121 0.54327803842162 0.742268499519444 0.705616661165047 0.557308808761566 0.273917201454384 0.0661760839292866 1.18079721296951e-05 1.18226645434458e-05 1.01613164687284e-05
 0.000801109891008556 0.00273821012117772 0.0670640785178582 0.0910947360117367 0.138012194700571 0.260947741031303 0.374938885932176 0.362355646204295 0.467396401981239 0.363372797774699 0.350236171069047 0.222027695355471 0.0651453375493992 1.34978303537199e-05 6.58739925151983e-06 6.65716755912865e-06
 0.000111663127922587 0.00049083975485132 0.0339232300481336 0.0185086928188217 0.0821953818511755 0.150596371716399 0.17143655291345 0.207666761589462 0.226560389023394 0.218026034645599 0.173184589075274 0.135434252148555 0.0334829296099393 2.03019580125905e-05 8.26102155746138e-06 1.48398182163668e-05
 7.60299521145736e-06 3.36326753855134e-06 7.64855295622674e-06 2.27621532264405e-05 3.14933351214398e-05 7.89308410220945e-05 7.24212841810556e-05 2.91748202958044e-05 6.61873731914089e-05 5.95693237614859e-05 7.70713499676886e-05 5.30687747550547e-05 4.66030116729831e-05 1.41633235369618e-05 2.49066205094463e-05 1.19109037525741e-05
 5.78863840280149e-55 7.88785149416723e-42 2.54830412385497e-06 2.60648190953352e-05 1.68036205292059e-05 2.12446738801606e-05 3.57267602914169e-05 4.023770328994e-05 3.56401934838515e-05 3.09769252220888e-05 2.13053382126404e-05 4.49709413682317e-05 2.61368372879117e-05 1.68266203450558e-05 1.66514322038967e-05 2.60822813286115e-05
 2.3572127101662e-141 9.06871674094152e-97 1.18637122150631e-89 9.399340764233449e-22 4.66000451729006e-05 4.6966401121415e-05 4.69316082196987e-05 8.421840437932379e-05 2.77788167870324e-05 1.03294377711226e-05 1.06803617525547e-05 7.26341826022827e-75 1.1007397129367e-65 1.02831671225411e-05 5.16902993520797e-49 8.280405087228669e-43




# name: Pop_Dist
# type: matrix
# rows: 21
# columns: 13
 0 1706654.03379044 457.487966316252 241896.532250049 193.149322328936 1605927.86257473 333.374153215514 1194523.87905339 1287.02909527638 554280.024986372 530.533528215195 129043718.704597 59612.3980245037
 1 1790259.79671069 479.899439112385 253746.587226693 202.611343412949 1785882.00907518 370.730788345453 1343517.34315988 1447.56077377495 581433.158218372 556.523365348555 145197635.085771 67074.7813364224
 2 1956856.07566297 524.557460799684 277359.493748124 221.465755464282 1916308.41943162 397.805973428678 1491541.26308482 1607.04782554593 635539.607347499 608.311782866176 151810826.676006 70129.7786136772
 3 1937301.61545354 519.315666003258 274587.897384111 219.252693728758 1938664.907226 402.446950997478 1475497.52223649 1589.76164012013 629188.790791314 602.233048358861 137874527.195697 63691.8346366389
 4 2021831.79821682 541.974940020749 286568.977132 228.819335352548 2051081.02031102 425.783383088155 1426676.77003417 1537.16015626577 656642.153269281 628.510252299531 127462163.316521 58881.7905200223
 5 1849771.7623063 495.852296324663 262181.652459563 209.346566602693 1939770.63948585 402.67648967378 1302810.17061798 1403.70119393183 600761.2077962121 575.023361512591 116011071.35759 53591.9007173761
 6 1603526.07694201 429.843348066264 227279.454244928 181.477891222186 1668131.40639162 346.286970926835 1114452.91953162 1200.75735437751 520786.554507304 498.474986928472 101346941.54186 46817.7318385372
 7 1503419.11903633 403.008542839417 213090.564468771 170.148359461756 1533891.32430824 318.42010670768 1142316.88954494 1230.77914025044 488274.231546313 467.355558781318 97395481.64750309 44992.3349702133
 8 1311813.73768509 351.646547664015 185932.935335014 148.463560533661 1275716.21273777 264.825601495513 1002295.61857014 1079.91447118668 426045.429773871 407.792766920382 82864554.01128531 38279.6995113855
 9 1099688.45982219 294.78396154383 155866.871503875 124.456437322486 1059471.7241821 219.935463563545 869155.7981917009 936.464159667826 357152.261043618 341.851123294879 71288169.04538371 32931.9299709559
 10 896768.733770221 240.389027972681 127105.577717762 101.491145706198 799323.502574855 165.93136094477 693582.456273368 747.294228981406 291248.833284151 278.771133985207 56132079.3172588 25930.4977242898
 11 708365.91755453 189.885516697264 100401.871514637 80.16879474552761 591691.168434246 122.829017939581 532442.975306477 573.675932990144 230060.147345499 220.203897255573 44780576.1265043 20686.6134564105
 12 664007.254946846 177.994674181381 94114.5945108631 75.14853554099329 548818.754535667 113.929144531301 447217.565761727 481.850575904891 215653.524719154 206.414483985975 43084865.0909997 19903.2711736726
 13 561169.330038912 150.427802281853 79538.6248494719 63.5099285870308 316781.246752252 65.7605377873394 323017.359745435 348.032172116294 182254.249611873 174.446102547494 30262803.7526866 13980.0551375333
 14 390683.779276143 104.727217183454 55374.4634484288 44.2153510424717 220041.882415485 45.6784379496351 226521.324877859 244.063380339781 126884.658900669 121.448659032244 21973683.2097894 10150.8540106854
 15 193738.601821184 51.9338291119702 27459.9860403059 21.9262245949211 117076.233902576 24.3038253762885 120503.493036436 129.835413372591 62921.6202769402 60.2259285951404 10561391.2673877 4878.88807176484
 16 116058.532337628 31.1108056357895 16449.82284321 13.1348395326011 73282.95780651629 15.2127904205527 72618.5659891862 78.24222598161479 37693.0092041614 36.078163131755 7115543.01598947 3287.06105719605
 17 45098.7818273045 12.0892398652645 6392.17950254235 5.10402165602241 30247.765236665 6.27912582964204 32097.418221365 34.5830768715044 14646.9954795552 14.0194880551784 2726190.19376724 1259.37733779492
 18 28781.8874652813 7.71531130652785 4079.46697550628 3.25736906789475 16012.7704339554 3.32408690854623 20208.9365341876 21.7739383533334 9347.66214332221 8.947189063113511 1654742.11658306 764.416483590883
 19 14640.6883954191 3.92460254209475 2075.13162157402 1.65694920353819 7299.46070174064 1.51529317541775 9360.69495846503 10.0855972616458 4754.94210833536 4.55123060452374 724451.148888101 334.663869503693
 20 10564.0169401533 2.83180453120156 1497.31522256938 1.19557489254589 4578.73148191377 0.950497694296766 9641.035270368249 10.387647429353 3430.93764618473 3.2839492178371 692971.177932528 320.121537825394


