C = 
{
  [1,1] =

   Columns 1 through 12:

      2.353049    1.591936    0.816546    0.590494    1.117237    1.456552    1.234776    0.884875    0.504736    0.338567    0.411108    0.407958
      1.397686   10.639846    2.220425    0.693464    0.477456    1.188495    1.349462    1.127641    0.782097    0.361263    0.279587    0.312670
      0.544502    3.377579   11.262449    1.598397    0.720401    0.639215    0.880855    1.047802    0.917897    0.500448    0.289412    0.179894
      0.341783    0.834409    4.577042   13.739771    2.419991    1.084007    0.748040    1.061100    1.025873    0.806560    0.437937    0.226014
      0.617309    0.486346    0.606158    4.206379    5.396941    2.425324    1.318520    1.035971    0.880711    0.885080    0.621726    0.387669
      1.061625    0.675049    0.356830    1.184256    2.844054    3.096680    1.864120    1.291576    0.991807    0.807405    0.768369    0.438975
      0.850644    1.509251    1.158741    0.650187    1.224265    1.957945    2.023637    1.686730    1.167274    0.828697    0.659828    0.480534
      0.629021    1.278567    1.198481    0.913857    0.782465    1.295534    1.600841    1.840622    1.566104    0.945923    0.659171    0.376021
      0.375881    0.772895    1.073381    1.331835    0.949386    1.033452    1.322696    1.480521    1.555215    1.155548    0.788202    0.291677
      0.250450    0.565399    0.611580    1.455545    0.896650    0.855498    0.937562    1.088324    1.101820    0.973124    0.720005    0.346271
      0.434860    0.725904    0.856064    1.214098    1.117422    1.250847    1.006811    0.888125    1.140327    1.131465    0.843318    0.635122
      0.765661    0.908650    0.649384    0.880217    0.852334    1.274281    1.163182    0.800317    0.795945    0.667244    0.828430    0.490779
      0.637355    0.554938    0.351510    0.479595    0.475328    0.712614    0.809572    0.783692    0.535520    0.400472    0.393694    0.417881
      0.397170    0.546272    0.415084    0.257806    0.327048    0.411583    0.631442    0.636573    0.471732    0.190054    0.171186    0.224056
      0.150853    0.374437    0.319486    0.355309    0.148277    0.279245    0.248200    0.459956    0.410337    0.281806    0.200798    0.139898
      0.241606    0.324034    0.445812    0.455266    0.176084    0.178849    0.254451    0.440681    0.398785    0.326250    0.282968    0.143363

   Columns 13 through 16:

      0.225969    0.151331    0.071379    0.033979
      0.221452    0.138872    0.056629    0.034582
      0.111907    0.112861    0.066998    0.042690
      0.109983    0.071664    0.035127    0.019968
      0.135640    0.051803    0.043630    0.030517
      0.191460    0.062785    0.022405    0.015510
      0.248473    0.080895    0.037593    0.024657
      0.236390    0.129829    0.061269    0.019967
      0.191297    0.106210    0.051985    0.023064
      0.124229    0.051620    0.041096    0.034074
      0.184841    0.052378    0.037105    0.031012
      0.289584    0.100263    0.036025    0.025887
      0.189035    0.162054    0.064064    0.019393
      0.203671    0.126619    0.090146    0.028770
      0.191638    0.160255    0.101699    0.082883
      0.067074    0.129399    0.093852    0.034969

  [1,2] = [](0x0)
  [1,3] = [](0x0)
  [1,4] = [](0x0)
  [1,5] = [](0x0)
}
C = 
{
  [1,1] =

   Columns 1 through 12:

      2.353049    1.591936    0.816546    0.590494    1.117237    1.456552    1.234776    0.884875    0.504736    0.338567    0.411108    0.407958
      1.397686   10.639846    2.220425    0.693464    0.477456    1.188495    1.349462    1.127641    0.782097    0.361263    0.279587    0.312670
      0.544502    3.377579   11.262449    1.598397    0.720401    0.639215    0.880855    1.047802    0.917897    0.500448    0.289412    0.179894
      0.341783    0.834409    4.577042   13.739771    2.419991    1.084007    0.748040    1.061100    1.025873    0.806560    0.437937    0.226014
      0.617309    0.486346    0.606158    4.206379    5.396941    2.425324    1.318520    1.035971    0.880711    0.885080    0.621726    0.387669
      1.061625    0.675049    0.356830    1.184256    2.844054    3.096680    1.864120    1.291576    0.991807    0.807405    0.768369    0.438975
      0.850644    1.509251    1.158741    0.650187    1.224265    1.957945    2.023637    1.686730    1.167274    0.828697    0.659828    0.480534
      0.629021    1.278567    1.198481    0.913857    0.782465    1.295534    1.600841    1.840622    1.566104    0.945923    0.659171    0.376021
      0.375881    0.772895    1.073381    1.331835    0.949386    1.033452    1.322696    1.480521    1.555215    1.155548    0.788202    0.291677
      0.250450    0.565399    0.611580    1.455545    0.896650    0.855498    0.937562    1.088324    1.101820    0.973124    0.720005    0.346271
      0.434860    0.725904    0.856064    1.214098    1.117422    1.250847    1.006811    0.888125    1.140327    1.131465    0.843318    0.635122
      0.765661    0.908650    0.649384    0.880217    0.852334    1.274281    1.163182    0.800317    0.795945    0.667244    0.828430    0.490779
      0.637355    0.554938    0.351510    0.479595    0.475328    0.712614    0.809572    0.783692    0.535520    0.400472    0.393694    0.417881
      0.397170    0.546272    0.415084    0.257806    0.327048    0.411583    0.631442    0.636573    0.471732    0.190054    0.171186    0.224056
      0.150853    0.374437    0.319486    0.355309    0.148277    0.279245    0.248200    0.459956    0.410337    0.281806    0.200798    0.139898
      0.241606    0.324034    0.445812    0.455266    0.176084    0.178849    0.254451    0.440681    0.398785    0.326250    0.282968    0.143363

   Columns 13 through 16:

      0.225969    0.151331    0.071379    0.033979
      0.221452    0.138872    0.056629    0.034582
      0.111907    0.112861    0.066998    0.042690
      0.109983    0.071664    0.035127    0.019968
      0.135640    0.051803    0.043630    0.030517
      0.191460    0.062785    0.022405    0.015510
      0.248473    0.080895    0.037593    0.024657
      0.236390    0.129829    0.061269    0.019967
      0.191297    0.106210    0.051985    0.023064
      0.124229    0.051620    0.041096    0.034074
      0.184841    0.052378    0.037105    0.031012
      0.289584    0.100263    0.036025    0.025887
      0.189035    0.162054    0.064064    0.019393
      0.203671    0.126619    0.090146    0.028770
      0.191638    0.160255    0.101699    0.082883
      0.067074    0.129399    0.093852    0.034969

  [1,2] =

   Columns 1 through 12:

     0.3361636   0.7915425   0.4096534   0.2855218   0.6432305   0.8102392   0.5332912   0.3265683   0.1587155   0.1028281   0.1654422   0.2201407
     0.5191196   0.5438929   0.7192420   0.3225397   0.1749229   0.6274127   0.6993545   0.4841880   0.2560760   0.1122602   0.0984988   0.1700854
     0.2705121   0.7421699   0.7103960   0.5683322   0.1591732   0.1866665   0.3781164   0.4920177   0.3104656   0.1383367   0.0747238   0.0626091
     0.1864569   0.2923024   0.6140948   0.7047498   0.4310204   0.1811855   0.1163667   0.3720618   0.3584115   0.2528250   0.1738160   0.0970250
     0.4101019   0.1923046   0.1690353   0.6199195   0.5533057   0.5487776   0.1356175   0.0798248   0.1775226   0.2347635   0.1971117   0.1572525
     0.7544034   0.3741416   0.1406398   0.2314062   0.5753969   0.4268749   0.3433153   0.1011107   0.0460949   0.1049547   0.2131876   0.1622476
     0.5569022   0.8643907   0.5734525   0.1404415   0.2022419   0.4882350   0.2332806   0.3191598   0.1215429   0.0442110   0.0921674   0.1338611
     0.3706858   0.7422432   0.8100390   0.4568727   0.1103785   0.1325283   0.2738529   0.1984528   0.1912447   0.0677935   0.0480126   0.0659401
     0.2191800   0.4373917   0.6415693   0.6398732   0.2523563   0.0944120   0.1651878   0.2514331   0.1142069   0.1549706   0.0649435   0.0250971
     0.1428403   0.2180167   0.3389070   0.5933875   0.4338401   0.1711400   0.0609345   0.1431453   0.1661577   0.0987437   0.1135791   0.0492739
     0.3595813   0.2053999   0.2709775   0.4445133   0.5805619   0.4455025   0.2091764   0.0837749   0.1183360   0.1288552   0.0884030   0.2201384
     0.6290570   0.4786553   0.2507586   0.4075874   0.4969681   0.6510819   0.4726434   0.1783408   0.0825824   0.1442332   0.2801867   0.0884245
     0.5548429   0.4322458   0.2410324   0.2441504   0.2353422   0.3672366   0.4383568   0.3292276   0.1377120   0.0489962   0.1118228   0.1630209
     0.3516633   0.4530685   0.3642878   0.2163113   0.2118678   0.2565869   0.4395086   0.4832621   0.3363031   0.0874525   0.0755916   0.1132596
     0.1354029   0.3406408   0.2693312   0.2534429   0.0666478   0.1762012   0.1501642   0.3266289   0.2666580   0.1678427   0.0968711   0.0538181
     0.2201400   0.2803716   0.4115324   0.4149533   0.1370624   0.1261581   0.1753985   0.3821743   0.3473224   0.2684146   0.2447772   0.1086698

   Columns 13 through 16:

     0.1130277   0.0566832   0.0160299   0.0105419
     0.1068732   0.0567557   0.0204493   0.0107618
     0.0436454   0.0474856   0.0239049   0.0091279
     0.0484018   0.0335082   0.0144058   0.0075842
     0.0428863   0.0173728   0.0093809   0.0063570
     0.0818457   0.0316448   0.0051159   0.0065889
     0.1135535   0.0334437   0.0153368   0.0060369
     0.0911651   0.0597941   0.0236674   0.0065663
     0.0561828   0.0633101   0.0216333   0.0115158
     0.0202779   0.0194562   0.0156072   0.0163529
     0.0440300   0.0140771   0.0133437   0.0165844
     0.1247477   0.0496150   0.0088265   0.0122051
     0.0437612   0.0842701   0.0202193   0.0028139
     0.1120612   0.0362520   0.0427600   0.0092892
     0.0859431   0.0638113   0.0170763   0.0362983
     0.0368306   0.0889964   0.0607428   0.0147422

  [1,3] = [](0x0)
  [1,4] = [](0x0)
  [1,5] = [](0x0)
}
C = 
{
  [1,1] =

   Columns 1 through 12:

      2.353049    1.591936    0.816546    0.590494    1.117237    1.456552    1.234776    0.884875    0.504736    0.338567    0.411108    0.407958
      1.397686   10.639846    2.220425    0.693464    0.477456    1.188495    1.349462    1.127641    0.782097    0.361263    0.279587    0.312670
      0.544502    3.377579   11.262449    1.598397    0.720401    0.639215    0.880855    1.047802    0.917897    0.500448    0.289412    0.179894
      0.341783    0.834409    4.577042   13.739771    2.419991    1.084007    0.748040    1.061100    1.025873    0.806560    0.437937    0.226014
      0.617309    0.486346    0.606158    4.206379    5.396941    2.425324    1.318520    1.035971    0.880711    0.885080    0.621726    0.387669
      1.061625    0.675049    0.356830    1.184256    2.844054    3.096680    1.864120    1.291576    0.991807    0.807405    0.768369    0.438975
      0.850644    1.509251    1.158741    0.650187    1.224265    1.957945    2.023637    1.686730    1.167274    0.828697    0.659828    0.480534
      0.629021    1.278567    1.198481    0.913857    0.782465    1.295534    1.600841    1.840622    1.566104    0.945923    0.659171    0.376021
      0.375881    0.772895    1.073381    1.331835    0.949386    1.033452    1.322696    1.480521    1.555215    1.155548    0.788202    0.291677
      0.250450    0.565399    0.611580    1.455545    0.896650    0.855498    0.937562    1.088324    1.101820    0.973124    0.720005    0.346271
      0.434860    0.725904    0.856064    1.214098    1.117422    1.250847    1.006811    0.888125    1.140327    1.131465    0.843318    0.635122
      0.765661    0.908650    0.649384    0.880217    0.852334    1.274281    1.163182    0.800317    0.795945    0.667244    0.828430    0.490779
      0.637355    0.554938    0.351510    0.479595    0.475328    0.712614    0.809572    0.783692    0.535520    0.400472    0.393694    0.417881
      0.397170    0.546272    0.415084    0.257806    0.327048    0.411583    0.631442    0.636573    0.471732    0.190054    0.171186    0.224056
      0.150853    0.374437    0.319486    0.355309    0.148277    0.279245    0.248200    0.459956    0.410337    0.281806    0.200798    0.139898
      0.241606    0.324034    0.445812    0.455266    0.176084    0.178849    0.254451    0.440681    0.398785    0.326250    0.282968    0.143363

   Columns 13 through 16:

      0.225969    0.151331    0.071379    0.033979
      0.221452    0.138872    0.056629    0.034582
      0.111907    0.112861    0.066998    0.042690
      0.109983    0.071664    0.035127    0.019968
      0.135640    0.051803    0.043630    0.030517
      0.191460    0.062785    0.022405    0.015510
      0.248473    0.080895    0.037593    0.024657
      0.236390    0.129829    0.061269    0.019967
      0.191297    0.106210    0.051985    0.023064
      0.124229    0.051620    0.041096    0.034074
      0.184841    0.052378    0.037105    0.031012
      0.289584    0.100263    0.036025    0.025887
      0.189035    0.162054    0.064064    0.019393
      0.203671    0.126619    0.090146    0.028770
      0.191638    0.160255    0.101699    0.082883
      0.067074    0.129399    0.093852    0.034969

  [1,2] =

   Columns 1 through 12:

     0.3361636   0.7915425   0.4096534   0.2855218   0.6432305   0.8102392   0.5332912   0.3265683   0.1587155   0.1028281   0.1654422   0.2201407
     0.5191196   0.5438929   0.7192420   0.3225397   0.1749229   0.6274127   0.6993545   0.4841880   0.2560760   0.1122602   0.0984988   0.1700854
     0.2705121   0.7421699   0.7103960   0.5683322   0.1591732   0.1866665   0.3781164   0.4920177   0.3104656   0.1383367   0.0747238   0.0626091
     0.1864569   0.2923024   0.6140948   0.7047498   0.4310204   0.1811855   0.1163667   0.3720618   0.3584115   0.2528250   0.1738160   0.0970250
     0.4101019   0.1923046   0.1690353   0.6199195   0.5533057   0.5487776   0.1356175   0.0798248   0.1775226   0.2347635   0.1971117   0.1572525
     0.7544034   0.3741416   0.1406398   0.2314062   0.5753969   0.4268749   0.3433153   0.1011107   0.0460949   0.1049547   0.2131876   0.1622476
     0.5569022   0.8643907   0.5734525   0.1404415   0.2022419   0.4882350   0.2332806   0.3191598   0.1215429   0.0442110   0.0921674   0.1338611
     0.3706858   0.7422432   0.8100390   0.4568727   0.1103785   0.1325283   0.2738529   0.1984528   0.1912447   0.0677935   0.0480126   0.0659401
     0.2191800   0.4373917   0.6415693   0.6398732   0.2523563   0.0944120   0.1651878   0.2514331   0.1142069   0.1549706   0.0649435   0.0250971
     0.1428403   0.2180167   0.3389070   0.5933875   0.4338401   0.1711400   0.0609345   0.1431453   0.1661577   0.0987437   0.1135791   0.0492739
     0.3595813   0.2053999   0.2709775   0.4445133   0.5805619   0.4455025   0.2091764   0.0837749   0.1183360   0.1288552   0.0884030   0.2201384
     0.6290570   0.4786553   0.2507586   0.4075874   0.4969681   0.6510819   0.4726434   0.1783408   0.0825824   0.1442332   0.2801867   0.0884245
     0.5548429   0.4322458   0.2410324   0.2441504   0.2353422   0.3672366   0.4383568   0.3292276   0.1377120   0.0489962   0.1118228   0.1630209
     0.3516633   0.4530685   0.3642878   0.2163113   0.2118678   0.2565869   0.4395086   0.4832621   0.3363031   0.0874525   0.0755916   0.1132596
     0.1354029   0.3406408   0.2693312   0.2534429   0.0666478   0.1762012   0.1501642   0.3266289   0.2666580   0.1678427   0.0968711   0.0538181
     0.2201400   0.2803716   0.4115324   0.4149533   0.1370624   0.1261581   0.1753985   0.3821743   0.3473224   0.2684146   0.2447772   0.1086698

   Columns 13 through 16:

     0.1130277   0.0566832   0.0160299   0.0105419
     0.1068732   0.0567557   0.0204493   0.0107618
     0.0436454   0.0474856   0.0239049   0.0091279
     0.0484018   0.0335082   0.0144058   0.0075842
     0.0428863   0.0173728   0.0093809   0.0063570
     0.0818457   0.0316448   0.0051159   0.0065889
     0.1135535   0.0334437   0.0153368   0.0060369
     0.0911651   0.0597941   0.0236674   0.0065663
     0.0561828   0.0633101   0.0216333   0.0115158
     0.0202779   0.0194562   0.0156072   0.0163529
     0.0440300   0.0140771   0.0133437   0.0165844
     0.1247477   0.0496150   0.0088265   0.0122051
     0.0437612   0.0842701   0.0202193   0.0028139
     0.1120612   0.0362520   0.0427600   0.0092892
     0.0859431   0.0638113   0.0170763   0.0362983
     0.0368306   0.0889964   0.0607428   0.0147422

  [1,3] =

   Columns 1 through 12:

     1.6949968   0.7569329   0.3989942   0.2968616   0.4686497   0.6195553   0.6612761   0.5227758   0.3266903   0.2097554   0.2295176   0.1804013
     0.8241842   3.2024815   1.2089683   0.3377757   0.2671447   0.4589405   0.5174929   0.5295941   0.4134420   0.1800640   0.1305336   0.1273389
     0.2735322   1.5001783   5.4660851   0.8605413   0.5315279   0.3891179   0.4148505   0.4570065   0.4870393   0.2804688   0.1668105   0.0976555
     0.1504251   0.4884899   2.3413288   7.0722562   1.5988834   0.6473607   0.3786461   0.4176623   0.3947426   0.3182333   0.1300671   0.0608077
     0.1994245   0.2620339   0.4024186   2.6101121   3.9417531   1.3488112   0.7381961   0.4517375   0.3242173   0.3427436   0.1884437   0.1174940
     0.2984001   0.1600241   0.1483990   0.5843241   1.5244426   1.6839855   0.8843596   0.5455636   0.3366541   0.2762983   0.2114450   0.1067377
     0.2783932   0.2041257   0.3193932   0.2564354   0.6340474   0.8069304   0.9346871   0.6148023   0.3570538   0.2472908   0.2270844   0.1542997
     0.2327487   0.2830201   0.2195961   0.1637145   0.3641972   0.5533429   0.6395842   0.7178801   0.4619528   0.2687631   0.1658697   0.1237654
     0.1470326   0.1968324   0.3176527   0.2054568   0.3444112   0.3579927   0.4563569   0.4543034   0.4547544   0.2510403   0.1559490   0.0690630
     0.0402682   0.0682896   0.0916332   0.1759712   0.2258932   0.2427381   0.2749342   0.2829450   0.2505267   0.2327682   0.1639857   0.0706844
     0.0579857   0.1122768   0.1312905   0.1965194   0.3351691   0.3683061   0.2492847   0.2227724   0.2326452   0.2355833   0.1675460   0.1249838
     0.0743192   0.0682266   0.0756041   0.0903497   0.2113024   0.3083257   0.2950942   0.2255713   0.2034643   0.1299880   0.1727029   0.1518164
     0.0460136   0.0519126   0.0460204   0.0736214   0.1449105   0.1930450   0.1840091   0.2031844   0.1617029   0.1187019   0.0972539   0.1134840
     0.0438195   0.0597723   0.0391233   0.0414717   0.1130603   0.1528651   0.1787205   0.1475602   0.1296274   0.0934349   0.0934867   0.0953192
     0.0154505   0.0337967   0.0501519   0.0942436   0.0816120   0.1030223   0.0979998   0.1256671   0.1357947   0.0927838   0.0686979   0.0646000
     0.0214656   0.0225334   0.0342794   0.0190693   0.0389753   0.0450530   0.0790052   0.0584225   0.0514345   0.0578248   0.0381803   0.0346930

   Columns 13 through 16:

     0.1103328   0.0938683   0.0553369   0.0234373
     0.1089583   0.0803913   0.0358327   0.0238198
     0.0631386   0.0645745   0.0430883   0.0333796
     0.0410615   0.0369622   0.0207182   0.0123837
     0.0435489   0.0330891   0.0340589   0.0241562
     0.0387408   0.0285518   0.0168165   0.0076320
     0.0650619   0.0469616   0.0222517   0.0186168
     0.0979135   0.0678104   0.0375924   0.0133947
     0.0602644   0.0423789   0.0303418   0.0115352
     0.0463089   0.0303764   0.0254784   0.0177149
     0.0699668   0.0382895   0.0237500   0.0144174
     0.0905470   0.0506341   0.0264103   0.0129131
     0.0909170   0.0664133   0.0438363   0.0165641
     0.0832680   0.0726739   0.0362368   0.0194693
     0.0979301   0.0884131   0.0766935   0.0251764
     0.0302437   0.0403925   0.0331091   0.0202267

  [1,4] = [](0x0)
  [1,5] = [](0x0)
}
C = 
{
  [1,1] =

   Columns 1 through 12:

      2.353049    1.591936    0.816546    0.590494    1.117237    1.456552    1.234776    0.884875    0.504736    0.338567    0.411108    0.407958
      1.397686   10.639846    2.220425    0.693464    0.477456    1.188495    1.349462    1.127641    0.782097    0.361263    0.279587    0.312670
      0.544502    3.377579   11.262449    1.598397    0.720401    0.639215    0.880855    1.047802    0.917897    0.500448    0.289412    0.179894
      0.341783    0.834409    4.577042   13.739771    2.419991    1.084007    0.748040    1.061100    1.025873    0.806560    0.437937    0.226014
      0.617309    0.486346    0.606158    4.206379    5.396941    2.425324    1.318520    1.035971    0.880711    0.885080    0.621726    0.387669
      1.061625    0.675049    0.356830    1.184256    2.844054    3.096680    1.864120    1.291576    0.991807    0.807405    0.768369    0.438975
      0.850644    1.509251    1.158741    0.650187    1.224265    1.957945    2.023637    1.686730    1.167274    0.828697    0.659828    0.480534
      0.629021    1.278567    1.198481    0.913857    0.782465    1.295534    1.600841    1.840622    1.566104    0.945923    0.659171    0.376021
      0.375881    0.772895    1.073381    1.331835    0.949386    1.033452    1.322696    1.480521    1.555215    1.155548    0.788202    0.291677
      0.250450    0.565399    0.611580    1.455545    0.896650    0.855498    0.937562    1.088324    1.101820    0.973124    0.720005    0.346271
      0.434860    0.725904    0.856064    1.214098    1.117422    1.250847    1.006811    0.888125    1.140327    1.131465    0.843318    0.635122
      0.765661    0.908650    0.649384    0.880217    0.852334    1.274281    1.163182    0.800317    0.795945    0.667244    0.828430    0.490779
      0.637355    0.554938    0.351510    0.479595    0.475328    0.712614    0.809572    0.783692    0.535520    0.400472    0.393694    0.417881
      0.397170    0.546272    0.415084    0.257806    0.327048    0.411583    0.631442    0.636573    0.471732    0.190054    0.171186    0.224056
      0.150853    0.374437    0.319486    0.355309    0.148277    0.279245    0.248200    0.459956    0.410337    0.281806    0.200798    0.139898
      0.241606    0.324034    0.445812    0.455266    0.176084    0.178849    0.254451    0.440681    0.398785    0.326250    0.282968    0.143363

   Columns 13 through 16:

      0.225969    0.151331    0.071379    0.033979
      0.221452    0.138872    0.056629    0.034582
      0.111907    0.112861    0.066998    0.042690
      0.109983    0.071664    0.035127    0.019968
      0.135640    0.051803    0.043630    0.030517
      0.191460    0.062785    0.022405    0.015510
      0.248473    0.080895    0.037593    0.024657
      0.236390    0.129829    0.061269    0.019967
      0.191297    0.106210    0.051985    0.023064
      0.124229    0.051620    0.041096    0.034074
      0.184841    0.052378    0.037105    0.031012
      0.289584    0.100263    0.036025    0.025887
      0.189035    0.162054    0.064064    0.019393
      0.203671    0.126619    0.090146    0.028770
      0.191638    0.160255    0.101699    0.082883
      0.067074    0.129399    0.093852    0.034969

  [1,2] =

   Columns 1 through 12:

     0.3361636   0.7915425   0.4096534   0.2855218   0.6432305   0.8102392   0.5332912   0.3265683   0.1587155   0.1028281   0.1654422   0.2201407
     0.5191196   0.5438929   0.7192420   0.3225397   0.1749229   0.6274127   0.6993545   0.4841880   0.2560760   0.1122602   0.0984988   0.1700854
     0.2705121   0.7421699   0.7103960   0.5683322   0.1591732   0.1866665   0.3781164   0.4920177   0.3104656   0.1383367   0.0747238   0.0626091
     0.1864569   0.2923024   0.6140948   0.7047498   0.4310204   0.1811855   0.1163667   0.3720618   0.3584115   0.2528250   0.1738160   0.0970250
     0.4101019   0.1923046   0.1690353   0.6199195   0.5533057   0.5487776   0.1356175   0.0798248   0.1775226   0.2347635   0.1971117   0.1572525
     0.7544034   0.3741416   0.1406398   0.2314062   0.5753969   0.4268749   0.3433153   0.1011107   0.0460949   0.1049547   0.2131876   0.1622476
     0.5569022   0.8643907   0.5734525   0.1404415   0.2022419   0.4882350   0.2332806   0.3191598   0.1215429   0.0442110   0.0921674   0.1338611
     0.3706858   0.7422432   0.8100390   0.4568727   0.1103785   0.1325283   0.2738529   0.1984528   0.1912447   0.0677935   0.0480126   0.0659401
     0.2191800   0.4373917   0.6415693   0.6398732   0.2523563   0.0944120   0.1651878   0.2514331   0.1142069   0.1549706   0.0649435   0.0250971
     0.1428403   0.2180167   0.3389070   0.5933875   0.4338401   0.1711400   0.0609345   0.1431453   0.1661577   0.0987437   0.1135791   0.0492739
     0.3595813   0.2053999   0.2709775   0.4445133   0.5805619   0.4455025   0.2091764   0.0837749   0.1183360   0.1288552   0.0884030   0.2201384
     0.6290570   0.4786553   0.2507586   0.4075874   0.4969681   0.6510819   0.4726434   0.1783408   0.0825824   0.1442332   0.2801867   0.0884245
     0.5548429   0.4322458   0.2410324   0.2441504   0.2353422   0.3672366   0.4383568   0.3292276   0.1377120   0.0489962   0.1118228   0.1630209
     0.3516633   0.4530685   0.3642878   0.2163113   0.2118678   0.2565869   0.4395086   0.4832621   0.3363031   0.0874525   0.0755916   0.1132596
     0.1354029   0.3406408   0.2693312   0.2534429   0.0666478   0.1762012   0.1501642   0.3266289   0.2666580   0.1678427   0.0968711   0.0538181
     0.2201400   0.2803716   0.4115324   0.4149533   0.1370624   0.1261581   0.1753985   0.3821743   0.3473224   0.2684146   0.2447772   0.1086698

   Columns 13 through 16:

     0.1130277   0.0566832   0.0160299   0.0105419
     0.1068732   0.0567557   0.0204493   0.0107618
     0.0436454   0.0474856   0.0239049   0.0091279
     0.0484018   0.0335082   0.0144058   0.0075842
     0.0428863   0.0173728   0.0093809   0.0063570
     0.0818457   0.0316448   0.0051159   0.0065889
     0.1135535   0.0334437   0.0153368   0.0060369
     0.0911651   0.0597941   0.0236674   0.0065663
     0.0561828   0.0633101   0.0216333   0.0115158
     0.0202779   0.0194562   0.0156072   0.0163529
     0.0440300   0.0140771   0.0133437   0.0165844
     0.1247477   0.0496150   0.0088265   0.0122051
     0.0437612   0.0842701   0.0202193   0.0028139
     0.1120612   0.0362520   0.0427600   0.0092892
     0.0859431   0.0638113   0.0170763   0.0362983
     0.0368306   0.0889964   0.0607428   0.0147422

  [1,3] =

   Columns 1 through 12:

     1.6949968   0.7569329   0.3989942   0.2968616   0.4686497   0.6195553   0.6612761   0.5227758   0.3266903   0.2097554   0.2295176   0.1804013
     0.8241842   3.2024815   1.2089683   0.3377757   0.2671447   0.4589405   0.5174929   0.5295941   0.4134420   0.1800640   0.1305336   0.1273389
     0.2735322   1.5001783   5.4660851   0.8605413   0.5315279   0.3891179   0.4148505   0.4570065   0.4870393   0.2804688   0.1668105   0.0976555
     0.1504251   0.4884899   2.3413288   7.0722562   1.5988834   0.6473607   0.3786461   0.4176623   0.3947426   0.3182333   0.1300671   0.0608077
     0.1994245   0.2620339   0.4024186   2.6101121   3.9417531   1.3488112   0.7381961   0.4517375   0.3242173   0.3427436   0.1884437   0.1174940
     0.2984001   0.1600241   0.1483990   0.5843241   1.5244426   1.6839855   0.8843596   0.5455636   0.3366541   0.2762983   0.2114450   0.1067377
     0.2783932   0.2041257   0.3193932   0.2564354   0.6340474   0.8069304   0.9346871   0.6148023   0.3570538   0.2472908   0.2270844   0.1542997
     0.2327487   0.2830201   0.2195961   0.1637145   0.3641972   0.5533429   0.6395842   0.7178801   0.4619528   0.2687631   0.1658697   0.1237654
     0.1470326   0.1968324   0.3176527   0.2054568   0.3444112   0.3579927   0.4563569   0.4543034   0.4547544   0.2510403   0.1559490   0.0690630
     0.0402682   0.0682896   0.0916332   0.1759712   0.2258932   0.2427381   0.2749342   0.2829450   0.2505267   0.2327682   0.1639857   0.0706844
     0.0579857   0.1122768   0.1312905   0.1965194   0.3351691   0.3683061   0.2492847   0.2227724   0.2326452   0.2355833   0.1675460   0.1249838
     0.0743192   0.0682266   0.0756041   0.0903497   0.2113024   0.3083257   0.2950942   0.2255713   0.2034643   0.1299880   0.1727029   0.1518164
     0.0460136   0.0519126   0.0460204   0.0736214   0.1449105   0.1930450   0.1840091   0.2031844   0.1617029   0.1187019   0.0972539   0.1134840
     0.0438195   0.0597723   0.0391233   0.0414717   0.1130603   0.1528651   0.1787205   0.1475602   0.1296274   0.0934349   0.0934867   0.0953192
     0.0154505   0.0337967   0.0501519   0.0942436   0.0816120   0.1030223   0.0979998   0.1256671   0.1357947   0.0927838   0.0686979   0.0646000
     0.0214656   0.0225334   0.0342794   0.0190693   0.0389753   0.0450530   0.0790052   0.0584225   0.0514345   0.0578248   0.0381803   0.0346930

   Columns 13 through 16:

     0.1103328   0.0938683   0.0553369   0.0234373
     0.1089583   0.0803913   0.0358327   0.0238198
     0.0631386   0.0645745   0.0430883   0.0333796
     0.0410615   0.0369622   0.0207182   0.0123837
     0.0435489   0.0330891   0.0340589   0.0241562
     0.0387408   0.0285518   0.0168165   0.0076320
     0.0650619   0.0469616   0.0222517   0.0186168
     0.0979135   0.0678104   0.0375924   0.0133947
     0.0602644   0.0423789   0.0303418   0.0115352
     0.0463089   0.0303764   0.0254784   0.0177149
     0.0699668   0.0382895   0.0237500   0.0144174
     0.0905470   0.0506341   0.0264103   0.0129131
     0.0909170   0.0664133   0.0438363   0.0165641
     0.0832680   0.0726739   0.0362368   0.0194693
     0.0979301   0.0884131   0.0766935   0.0251764
     0.0302437   0.0403925   0.0331091   0.0202267

  [1,4] =

   Columns 1 through 11:

      3.2189e-01    4.3461e-02    7.8988e-03    8.1103e-03    5.3568e-03    2.1849e-02    4.0208e-02    2.9977e-02    1.4086e-02    1.6679e-02    9.4867e-03
      5.4382e-02    6.8932e+00    2.9221e-01    3.3149e-02    3.5387e-02    9.7949e-02    1.2141e-01    1.1130e-01    1.0253e-01    6.6157e-02    4.9778e-02
      4.5739e-04    1.1345e+00    5.0487e+00    1.6015e-01    1.7867e-02    5.9911e-02    5.8165e-02    9.0096e-02    8.9643e-02    6.4039e-02    4.0631e-02
      2.6009e-03    4.9844e-02    1.6049e+00    5.6299e+00    7.4679e-02    6.9001e-02    7.3395e-02    1.0023e-01    8.0338e-02    8.6026e-02    4.2797e-02
      7.2002e-03    2.8295e-02    8.8544e-03    7.6376e-01    4.1536e-01    4.8433e-02    3.1309e-02    3.7552e-02    2.3318e-02    2.6850e-02    1.3334e-02
      7.0505e-03    1.3651e-01    3.3618e-02    1.7645e-01    2.6827e-01    1.6195e-01    2.7212e-02    3.5229e-02    4.0760e-02    3.3478e-02    8.1669e-03
      1.4164e-02    4.3355e-01    2.2588e-01    1.4604e-01    4.7173e-02    8.5173e-02    7.4529e-02    5.0608e-02    5.3769e-02    2.6333e-02    2.0219e-02
      2.4126e-02    2.4825e-01    1.4363e-01    7.3975e-02    1.8123e-02    5.3591e-02    7.2057e-02    5.2748e-02    5.7404e-02    2.5907e-02    3.6270e-03
      7.8232e-03    1.3580e-01    8.5403e-02    3.4832e-01    8.4897e-03    2.6138e-02    2.4777e-02    3.2873e-02    6.9145e-02    2.3300e-02    2.4654e-02
      6.5606e-02    2.7748e-01    1.4323e-01    5.1595e-01    5.7675e-03    3.0513e-02    5.6983e-02    4.8413e-02    4.4399e-02    2.5312e-02    2.9730e-02
      1.7293e-02    4.0800e-01    4.1209e-01    4.4316e-01    5.4107e-03    1.4495e-02    3.9349e-02    3.8299e-02    4.7077e-02    6.1410e-02    3.0060e-02
      6.1483e-02    3.5903e-01    2.5596e-01    2.9118e-01    6.0510e-03    5.3926e-02    2.0506e-02    3.4049e-02    4.2502e-02    2.9650e-02    2.5304e-02
      3.6387e-02    7.0289e-02    3.0534e-02    1.4331e-01    1.2880e-02    1.7358e-03    1.5770e-02    4.3614e-02    9.5446e-03    1.4748e-02    1.1433e-02
      1.6800e-03    3.3428e-02    1.1666e-02    8.3684e-32    2.0886e-03    2.0525e-03    1.3140e-02    5.7217e-03    5.7353e-03    9.1069e-03    2.0303e-03
      1.2809e-28    5.1099e-26    1.9284e-40    7.5962e-03    2.6351e-22    1.6969e-24    1.2583e-26    7.6193e-03    7.8482e-03    2.1148e-02    3.5207e-02
      2.8166e-94    2.1129e-02    8.4603e-42    2.1243e-02    4.8970e-36    7.5907e-03    9.7704e-69    2.2307e-60    1.4370e-48    8.5592e-60    4.6943e-42

   Columns 12 through 16:

      7.4161e-03    1.2826e-03    7.7939e-04    8.2361e-66   6.3793e-120
      1.4555e-02    5.6201e-03    1.7118e-03    3.4740e-04    8.0890e-39
      1.9630e-02    5.1231e-03    8.0130e-04    4.9329e-25    1.8204e-04
      2.4310e-02    5.6272e-03    1.1855e-03    6.2048e-33    1.7058e-70
      9.1987e-03    7.0998e-04    1.3311e-03    1.7711e-04    1.2193e-47
      1.2922e-02    4.3828e-03    2.5723e-03    4.6297e-04    1.2857e-03
      3.0047e-03    5.5188e-03    4.7300e-04    1.6539e-48    3.1112e-55
      8.2725e-03    5.7545e-04    2.2124e-03   1.8439e-123    9.6941e-67
      6.7818e-03    5.7042e-03    5.0643e-04    4.8112e-68    2.4020e-92
      1.3555e-02    3.3640e-03    1.7711e-03   6.2082e-134    3.2726e-72
      1.6082e-02    4.6683e-03    9.2593e-24   1.2378e-117    5.6421e-78
      2.8510e-02    9.1443e-03    1.1720e-31    7.8190e-04    7.6243e-04
      5.9420e-03    2.0874e-02    1.1350e-02    4.4225e-67    2.1206e-37
      1.5424e-02    8.2952e-03    1.7679e-02    1.1124e-02   3.4570e-126
      2.1435e-02    7.7387e-03    8.0135e-03    7.9128e-03    2.1383e-02
      1.5981e-46    2.2097e-83   8.8587e-107    1.0204e-80   6.6141e-113

  [1,5] = [](0x0)
}
C = 
{
  [1,1] =

   Columns 1 through 12:

      2.353049    1.591936    0.816546    0.590494    1.117237    1.456552    1.234776    0.884875    0.504736    0.338567    0.411108    0.407958
      1.397686   10.639846    2.220425    0.693464    0.477456    1.188495    1.349462    1.127641    0.782097    0.361263    0.279587    0.312670
      0.544502    3.377579   11.262449    1.598397    0.720401    0.639215    0.880855    1.047802    0.917897    0.500448    0.289412    0.179894
      0.341783    0.834409    4.577042   13.739771    2.419991    1.084007    0.748040    1.061100    1.025873    0.806560    0.437937    0.226014
      0.617309    0.486346    0.606158    4.206379    5.396941    2.425324    1.318520    1.035971    0.880711    0.885080    0.621726    0.387669
      1.061625    0.675049    0.356830    1.184256    2.844054    3.096680    1.864120    1.291576    0.991807    0.807405    0.768369    0.438975
      0.850644    1.509251    1.158741    0.650187    1.224265    1.957945    2.023637    1.686730    1.167274    0.828697    0.659828    0.480534
      0.629021    1.278567    1.198481    0.913857    0.782465    1.295534    1.600841    1.840622    1.566104    0.945923    0.659171    0.376021
      0.375881    0.772895    1.073381    1.331835    0.949386    1.033452    1.322696    1.480521    1.555215    1.155548    0.788202    0.291677
      0.250450    0.565399    0.611580    1.455545    0.896650    0.855498    0.937562    1.088324    1.101820    0.973124    0.720005    0.346271
      0.434860    0.725904    0.856064    1.214098    1.117422    1.250847    1.006811    0.888125    1.140327    1.131465    0.843318    0.635122
      0.765661    0.908650    0.649384    0.880217    0.852334    1.274281    1.163182    0.800317    0.795945    0.667244    0.828430    0.490779
      0.637355    0.554938    0.351510    0.479595    0.475328    0.712614    0.809572    0.783692    0.535520    0.400472    0.393694    0.417881
      0.397170    0.546272    0.415084    0.257806    0.327048    0.411583    0.631442    0.636573    0.471732    0.190054    0.171186    0.224056
      0.150853    0.374437    0.319486    0.355309    0.148277    0.279245    0.248200    0.459956    0.410337    0.281806    0.200798    0.139898
      0.241606    0.324034    0.445812    0.455266    0.176084    0.178849    0.254451    0.440681    0.398785    0.326250    0.282968    0.143363

   Columns 13 through 16:

      0.225969    0.151331    0.071379    0.033979
      0.221452    0.138872    0.056629    0.034582
      0.111907    0.112861    0.066998    0.042690
      0.109983    0.071664    0.035127    0.019968
      0.135640    0.051803    0.043630    0.030517
      0.191460    0.062785    0.022405    0.015510
      0.248473    0.080895    0.037593    0.024657
      0.236390    0.129829    0.061269    0.019967
      0.191297    0.106210    0.051985    0.023064
      0.124229    0.051620    0.041096    0.034074
      0.184841    0.052378    0.037105    0.031012
      0.289584    0.100263    0.036025    0.025887
      0.189035    0.162054    0.064064    0.019393
      0.203671    0.126619    0.090146    0.028770
      0.191638    0.160255    0.101699    0.082883
      0.067074    0.129399    0.093852    0.034969

  [1,2] =

   Columns 1 through 12:

     0.3361636   0.7915425   0.4096534   0.2855218   0.6432305   0.8102392   0.5332912   0.3265683   0.1587155   0.1028281   0.1654422   0.2201407
     0.5191196   0.5438929   0.7192420   0.3225397   0.1749229   0.6274127   0.6993545   0.4841880   0.2560760   0.1122602   0.0984988   0.1700854
     0.2705121   0.7421699   0.7103960   0.5683322   0.1591732   0.1866665   0.3781164   0.4920177   0.3104656   0.1383367   0.0747238   0.0626091
     0.1864569   0.2923024   0.6140948   0.7047498   0.4310204   0.1811855   0.1163667   0.3720618   0.3584115   0.2528250   0.1738160   0.0970250
     0.4101019   0.1923046   0.1690353   0.6199195   0.5533057   0.5487776   0.1356175   0.0798248   0.1775226   0.2347635   0.1971117   0.1572525
     0.7544034   0.3741416   0.1406398   0.2314062   0.5753969   0.4268749   0.3433153   0.1011107   0.0460949   0.1049547   0.2131876   0.1622476
     0.5569022   0.8643907   0.5734525   0.1404415   0.2022419   0.4882350   0.2332806   0.3191598   0.1215429   0.0442110   0.0921674   0.1338611
     0.3706858   0.7422432   0.8100390   0.4568727   0.1103785   0.1325283   0.2738529   0.1984528   0.1912447   0.0677935   0.0480126   0.0659401
     0.2191800   0.4373917   0.6415693   0.6398732   0.2523563   0.0944120   0.1651878   0.2514331   0.1142069   0.1549706   0.0649435   0.0250971
     0.1428403   0.2180167   0.3389070   0.5933875   0.4338401   0.1711400   0.0609345   0.1431453   0.1661577   0.0987437   0.1135791   0.0492739
     0.3595813   0.2053999   0.2709775   0.4445133   0.5805619   0.4455025   0.2091764   0.0837749   0.1183360   0.1288552   0.0884030   0.2201384
     0.6290570   0.4786553   0.2507586   0.4075874   0.4969681   0.6510819   0.4726434   0.1783408   0.0825824   0.1442332   0.2801867   0.0884245
     0.5548429   0.4322458   0.2410324   0.2441504   0.2353422   0.3672366   0.4383568   0.3292276   0.1377120   0.0489962   0.1118228   0.1630209
     0.3516633   0.4530685   0.3642878   0.2163113   0.2118678   0.2565869   0.4395086   0.4832621   0.3363031   0.0874525   0.0755916   0.1132596
     0.1354029   0.3406408   0.2693312   0.2534429   0.0666478   0.1762012   0.1501642   0.3266289   0.2666580   0.1678427   0.0968711   0.0538181
     0.2201400   0.2803716   0.4115324   0.4149533   0.1370624   0.1261581   0.1753985   0.3821743   0.3473224   0.2684146   0.2447772   0.1086698

   Columns 13 through 16:

     0.1130277   0.0566832   0.0160299   0.0105419
     0.1068732   0.0567557   0.0204493   0.0107618
     0.0436454   0.0474856   0.0239049   0.0091279
     0.0484018   0.0335082   0.0144058   0.0075842
     0.0428863   0.0173728   0.0093809   0.0063570
     0.0818457   0.0316448   0.0051159   0.0065889
     0.1135535   0.0334437   0.0153368   0.0060369
     0.0911651   0.0597941   0.0236674   0.0065663
     0.0561828   0.0633101   0.0216333   0.0115158
     0.0202779   0.0194562   0.0156072   0.0163529
     0.0440300   0.0140771   0.0133437   0.0165844
     0.1247477   0.0496150   0.0088265   0.0122051
     0.0437612   0.0842701   0.0202193   0.0028139
     0.1120612   0.0362520   0.0427600   0.0092892
     0.0859431   0.0638113   0.0170763   0.0362983
     0.0368306   0.0889964   0.0607428   0.0147422

  [1,3] =

   Columns 1 through 12:

     1.6949968   0.7569329   0.3989942   0.2968616   0.4686497   0.6195553   0.6612761   0.5227758   0.3266903   0.2097554   0.2295176   0.1804013
     0.8241842   3.2024815   1.2089683   0.3377757   0.2671447   0.4589405   0.5174929   0.5295941   0.4134420   0.1800640   0.1305336   0.1273389
     0.2735322   1.5001783   5.4660851   0.8605413   0.5315279   0.3891179   0.4148505   0.4570065   0.4870393   0.2804688   0.1668105   0.0976555
     0.1504251   0.4884899   2.3413288   7.0722562   1.5988834   0.6473607   0.3786461   0.4176623   0.3947426   0.3182333   0.1300671   0.0608077
     0.1994245   0.2620339   0.4024186   2.6101121   3.9417531   1.3488112   0.7381961   0.4517375   0.3242173   0.3427436   0.1884437   0.1174940
     0.2984001   0.1600241   0.1483990   0.5843241   1.5244426   1.6839855   0.8843596   0.5455636   0.3366541   0.2762983   0.2114450   0.1067377
     0.2783932   0.2041257   0.3193932   0.2564354   0.6340474   0.8069304   0.9346871   0.6148023   0.3570538   0.2472908   0.2270844   0.1542997
     0.2327487   0.2830201   0.2195961   0.1637145   0.3641972   0.5533429   0.6395842   0.7178801   0.4619528   0.2687631   0.1658697   0.1237654
     0.1470326   0.1968324   0.3176527   0.2054568   0.3444112   0.3579927   0.4563569   0.4543034   0.4547544   0.2510403   0.1559490   0.0690630
     0.0402682   0.0682896   0.0916332   0.1759712   0.2258932   0.2427381   0.2749342   0.2829450   0.2505267   0.2327682   0.1639857   0.0706844
     0.0579857   0.1122768   0.1312905   0.1965194   0.3351691   0.3683061   0.2492847   0.2227724   0.2326452   0.2355833   0.1675460   0.1249838
     0.0743192   0.0682266   0.0756041   0.0903497   0.2113024   0.3083257   0.2950942   0.2255713   0.2034643   0.1299880   0.1727029   0.1518164
     0.0460136   0.0519126   0.0460204   0.0736214   0.1449105   0.1930450   0.1840091   0.2031844   0.1617029   0.1187019   0.0972539   0.1134840
     0.0438195   0.0597723   0.0391233   0.0414717   0.1130603   0.1528651   0.1787205   0.1475602   0.1296274   0.0934349   0.0934867   0.0953192
     0.0154505   0.0337967   0.0501519   0.0942436   0.0816120   0.1030223   0.0979998   0.1256671   0.1357947   0.0927838   0.0686979   0.0646000
     0.0214656   0.0225334   0.0342794   0.0190693   0.0389753   0.0450530   0.0790052   0.0584225   0.0514345   0.0578248   0.0381803   0.0346930

   Columns 13 through 16:

     0.1103328   0.0938683   0.0553369   0.0234373
     0.1089583   0.0803913   0.0358327   0.0238198
     0.0631386   0.0645745   0.0430883   0.0333796
     0.0410615   0.0369622   0.0207182   0.0123837
     0.0435489   0.0330891   0.0340589   0.0241562
     0.0387408   0.0285518   0.0168165   0.0076320
     0.0650619   0.0469616   0.0222517   0.0186168
     0.0979135   0.0678104   0.0375924   0.0133947
     0.0602644   0.0423789   0.0303418   0.0115352
     0.0463089   0.0303764   0.0254784   0.0177149
     0.0699668   0.0382895   0.0237500   0.0144174
     0.0905470   0.0506341   0.0264103   0.0129131
     0.0909170   0.0664133   0.0438363   0.0165641
     0.0832680   0.0726739   0.0362368   0.0194693
     0.0979301   0.0884131   0.0766935   0.0251764
     0.0302437   0.0403925   0.0331091   0.0202267

  [1,4] =

   Columns 1 through 11:

      3.2189e-01    4.3461e-02    7.8988e-03    8.1103e-03    5.3568e-03    2.1849e-02    4.0208e-02    2.9977e-02    1.4086e-02    1.6679e-02    9.4867e-03
      5.4382e-02    6.8932e+00    2.9221e-01    3.3149e-02    3.5387e-02    9.7949e-02    1.2141e-01    1.1130e-01    1.0253e-01    6.6157e-02    4.9778e-02
      4.5739e-04    1.1345e+00    5.0487e+00    1.6015e-01    1.7867e-02    5.9911e-02    5.8165e-02    9.0096e-02    8.9643e-02    6.4039e-02    4.0631e-02
      2.6009e-03    4.9844e-02    1.6049e+00    5.6299e+00    7.4679e-02    6.9001e-02    7.3395e-02    1.0023e-01    8.0338e-02    8.6026e-02    4.2797e-02
      7.2002e-03    2.8295e-02    8.8544e-03    7.6376e-01    4.1536e-01    4.8433e-02    3.1309e-02    3.7552e-02    2.3318e-02    2.6850e-02    1.3334e-02
      7.0505e-03    1.3651e-01    3.3618e-02    1.7645e-01    2.6827e-01    1.6195e-01    2.7212e-02    3.5229e-02    4.0760e-02    3.3478e-02    8.1669e-03
      1.4164e-02    4.3355e-01    2.2588e-01    1.4604e-01    4.7173e-02    8.5173e-02    7.4529e-02    5.0608e-02    5.3769e-02    2.6333e-02    2.0219e-02
      2.4126e-02    2.4825e-01    1.4363e-01    7.3975e-02    1.8123e-02    5.3591e-02    7.2057e-02    5.2748e-02    5.7404e-02    2.5907e-02    3.6270e-03
      7.8232e-03    1.3580e-01    8.5403e-02    3.4832e-01    8.4897e-03    2.6138e-02    2.4777e-02    3.2873e-02    6.9145e-02    2.3300e-02    2.4654e-02
      6.5606e-02    2.7748e-01    1.4323e-01    5.1595e-01    5.7675e-03    3.0513e-02    5.6983e-02    4.8413e-02    4.4399e-02    2.5312e-02    2.9730e-02
      1.7293e-02    4.0800e-01    4.1209e-01    4.4316e-01    5.4107e-03    1.4495e-02    3.9349e-02    3.8299e-02    4.7077e-02    6.1410e-02    3.0060e-02
      6.1483e-02    3.5903e-01    2.5596e-01    2.9118e-01    6.0510e-03    5.3926e-02    2.0506e-02    3.4049e-02    4.2502e-02    2.9650e-02    2.5304e-02
      3.6387e-02    7.0289e-02    3.0534e-02    1.4331e-01    1.2880e-02    1.7358e-03    1.5770e-02    4.3614e-02    9.5446e-03    1.4748e-02    1.1433e-02
      1.6800e-03    3.3428e-02    1.1666e-02    8.3684e-32    2.0886e-03    2.0525e-03    1.3140e-02    5.7217e-03    5.7353e-03    9.1069e-03    2.0303e-03
      1.2809e-28    5.1099e-26    1.9284e-40    7.5962e-03    2.6351e-22    1.6969e-24    1.2583e-26    7.6193e-03    7.8482e-03    2.1148e-02    3.5207e-02
      2.8166e-94    2.1129e-02    8.4603e-42    2.1243e-02    4.8970e-36    7.5907e-03    9.7704e-69    2.2307e-60    1.4370e-48    8.5592e-60    4.6943e-42

   Columns 12 through 16:

      7.4161e-03    1.2826e-03    7.7939e-04    8.2361e-66   6.3793e-120
      1.4555e-02    5.6201e-03    1.7118e-03    3.4740e-04    8.0890e-39
      1.9630e-02    5.1231e-03    8.0130e-04    4.9329e-25    1.8204e-04
      2.4310e-02    5.6272e-03    1.1855e-03    6.2048e-33    1.7058e-70
      9.1987e-03    7.0998e-04    1.3311e-03    1.7711e-04    1.2193e-47
      1.2922e-02    4.3828e-03    2.5723e-03    4.6297e-04    1.2857e-03
      3.0047e-03    5.5188e-03    4.7300e-04    1.6539e-48    3.1112e-55
      8.2725e-03    5.7545e-04    2.2124e-03   1.8439e-123    9.6941e-67
      6.7818e-03    5.7042e-03    5.0643e-04    4.8112e-68    2.4020e-92
      1.3555e-02    3.3640e-03    1.7711e-03   6.2082e-134    3.2726e-72
      1.6082e-02    4.6683e-03    9.2593e-24   1.2378e-117    5.6421e-78
      2.8510e-02    9.1443e-03    1.1720e-31    7.8190e-04    7.6243e-04
      5.9420e-03    2.0874e-02    1.1350e-02    4.4225e-67    2.1206e-37
      1.5424e-02    8.2952e-03    1.7679e-02    1.1124e-02   3.4570e-126
      2.1435e-02    7.7387e-03    8.0135e-03    7.9128e-03    2.1383e-02
      1.5981e-46    2.2097e-83   8.8587e-107    1.0204e-80   6.6141e-113

  [1,5] =

   Columns 1 through 11:

      1.9542e-55    7.4149e-80    3.5135e-58   2.0768e-106    1.9113e-59    4.9085e-03    1.8119e-07    5.5544e-03    5.2442e-03    9.3049e-03    6.6614e-03
     6.2446e-116    3.1414e-04    2.9516e-72    1.5577e-59    1.1851e-06    4.1930e-03    1.1203e-02    2.5599e-03    1.0048e-02    2.7816e-03    7.7724e-04
      1.4970e-23    7.6434e-04    3.7225e-02    9.3723e-03    1.1833e-02    3.5193e-03    2.9723e-02    8.6824e-03    3.0749e-02    1.7604e-02    7.2469e-03
      2.3002e-03    3.7729e-03    1.6705e-02    3.3290e-01    3.1541e-01    1.8646e-01    1.7963e-01    1.7115e-01    1.9238e-01    1.4948e-01    9.1257e-02
      5.8258e-04    3.7123e-03    2.5849e-02    2.1258e-01    4.8653e-01    4.7930e-01    4.1340e-01    4.6686e-01    3.5565e-01    2.8072e-01    2.2284e-01
      1.7704e-03    4.3763e-03    3.4173e-02    1.9207e-01    4.7595e-01    8.2387e-01    6.0923e-01    6.0967e-01    5.6830e-01    3.9267e-01    3.3557e-01
      1.1842e-03    7.1797e-03    4.0013e-02    1.0727e-01    3.4080e-01    5.7761e-01    7.8114e-01    7.0216e-01    6.3491e-01    5.1086e-01    3.2036e-01
      1.4604e-03    5.0496e-03    2.5221e-02    2.1929e-01    2.8977e-01    5.5607e-01    6.1535e-01    8.7154e-01    8.5550e-01    5.8346e-01    4.4166e-01
      1.8453e-03    2.8712e-03    2.8756e-02    1.3819e-01    3.4413e-01    5.5491e-01    6.7637e-01    7.4191e-01    9.1711e-01    7.2624e-01    5.4266e-01
      1.7356e-03    1.6124e-03    3.7812e-02    1.7024e-01    2.3115e-01    4.1111e-01    5.4471e-01    6.1382e-01    6.4074e-01    6.1630e-01    4.1271e-01
      7.4070e-09    2.3052e-04    4.1708e-02    1.2990e-01    1.9628e-01    4.2254e-01    5.0900e-01    5.4328e-01    7.4227e-01    7.0562e-01    5.5731e-01
      8.0111e-04    2.7382e-03    6.7064e-02    9.1095e-02    1.3801e-01    2.6095e-01    3.7494e-01    3.6236e-01    4.6740e-01    3.6337e-01    3.5024e-01
      1.1166e-04    4.9084e-04    3.3923e-02    1.8509e-02    8.2195e-02    1.5060e-01    1.7144e-01    2.0767e-01    2.2656e-01    2.1803e-01    1.7318e-01
      7.6030e-06    3.3633e-06    7.6486e-06    2.2762e-05    3.1493e-05    7.8931e-05    7.2421e-05    2.9175e-05    6.6187e-05    5.9569e-05    7.7071e-05
      5.7886e-55    7.8879e-42    2.5483e-06    2.6065e-05    1.6804e-05    2.1245e-05    3.5727e-05    4.0238e-05    3.5640e-05    3.0977e-05    2.1305e-05
     2.3572e-141    9.0687e-97    1.1864e-89    9.3993e-22    4.6600e-05    4.6966e-05    4.6932e-05    8.4218e-05    2.7779e-05    1.0329e-05    1.0680e-05

   Columns 12 through 16:

      5.3887e-19    1.3262e-03    8.2060e-92    1.2059e-05   3.1644e-125
      6.9007e-04    9.9036e-57    1.3496e-05    7.6459e-79    2.3839e-65
      1.8083e-08    3.1806e-17    2.7978e-53    4.9580e-06   3.7772e-102
      4.3871e-02    1.4893e-02    8.3470e-06    2.8597e-06    1.8893e-31
      1.0372e-01    4.8495e-02    9.8611e-06    1.3261e-05    3.7432e-06
      1.5707e-01    6.6491e-02    1.6067e-05    1.0118e-05    3.0144e-06
      1.8937e-01    6.4339e-02    1.6380e-05    4.1010e-06    3.4948e-06
      1.7804e-01    4.6736e-02    1.2299e-05    9.1351e-06    6.0210e-06
      1.9073e-01    6.9146e-02    1.4363e-05    1.0272e-05    1.2950e-05
      2.1276e-01    5.4278e-02    1.6281e-05    1.0824e-05    6.0917e-06
      2.7392e-01    6.6176e-02    1.1808e-05    1.1823e-05    1.0161e-05
      2.2203e-01    6.5145e-02    1.3498e-05    6.5874e-06    6.6572e-06
      1.3543e-01    3.3483e-02    2.0302e-05    8.2610e-06    1.4840e-05
      5.3069e-05    4.6603e-05    1.4163e-05    2.4907e-05    1.1911e-05
      4.4971e-05    2.6137e-05    1.6827e-05    1.6651e-05    2.6082e-05
      7.2634e-75    1.1007e-65    1.0283e-05    5.1690e-49    8.2804e-43

}
